swarm_number,particle_number,x,y,function_value
0,0,8.02191693,8.83195143,-73.75211262950428
0,1,1.40216244,6.86670819,-39.949148450652075
0,2,-1.00633017, 1.19393365,-11.85232690136143
0,3,2.69763352,0.07824189,-2.895188516850788
0,4,-4.36891314,-9.02613386,-49.90081428036678
0,5, 8.02403734,-7.79945019,-33.578189039155774
0,6,-5.41097623,-1.26430064,-32.412767819730824
0,7, 1.61206316,-0.77657323,-1.9441982964638838
0,8,2.37710872,0.62285698,-4.1088933357996265
0,9,-8.67676548,-2.14043779,-63.407887016065324
1,0,5.68430013,3.6624032 ,-21.45898684685024
1,1,-8.93579335, 4.45614305,-86.50790057065278
1,2,-0.40105116,-1.71629065,-5.143861998982878
1,3,5.11191162,8.42264407,-57.608469990265434
1,4,0.03336244,6.9682637 ,-43.2841395079933
1,5, 3.40109207,-9.78997196,-32.45075071901986
1,6,-2.54204837, 9.98821935,-84.29494414521407
1,7,5.72479627,5.96984764,-37.08584498105241
1,8, 2.16260249,-7.38851544,-16.03775792431787
1,9,3.4734254,8.8039683,-58.68018577169854
2,0, 7.306801  ,-7.22583705,-26.65387658777818
2,1,-6.62507398, 9.55375159,-108.14663891373685
2,2,-6.37508256, 2.62833016,-50.555370736884115
2,3,4.84570359,1.45923412,-9.31232811517712
2,4, 1.97454286,-8.22560183,-21.06361039917361
2,5,-7.10179011,-8.33912465,-67.74728826914567
2,6,-7.15913507,-9.04395029,-73.0863965607933
2,7,-8.65015765, 3.06608612,-75.41295200458777
2,8,-6.10677351,-8.6824519 ,-60.958040578717416
2,9,3.40160849,3.12233699,-13.93732186326036
3,0,-9.11662597,-8.18251375,-88.12692750076289
3,1,-1.1151016 , 8.52183783,-61.760770209201866
3,2, 4.75225696,-0.00931101,-5.242621670191488
3,3,4.31877905,9.66847667,-69.4877433455712
3,4,-0.72175789,-3.05841586,-6.77976414938562
3,5,-8.34735008, 8.23406744,-111.10110185193945
3,6, 8.95155083,-1.74438918,-21.74229993678288
3,7,-9.89403839, 8.01218123,-126.85070069507034
3,8,1.21804201,4.54736037,-22.524874537279885
3,9,9.76271073,5.06199166,-51.527086048511755
4,0, 9.80229387,-0.13741636,-29.134036959375948
4,1,6.77602829,9.858936  ,-79.19743543889028
4,2,-3.34447675, 8.81398952,-75.3926784947994
4,3,-0.80171247, 1.26869204,-11.389895766872364
4,4,-5.66155521,-5.92675096,-42.3317918603908
4,5,-7.89379732, 5.8480621 ,-84.9506830245757
4,6,-3.62553879, 8.21123138,-70.79855125197622
4,7,-5.75545389,-5.03773961,-39.917902930290104
4,8,-6.39623872,-3.99918234,-42.693753431147506
4,9, 1.77378531,-3.74422529,-2.883215879277178
0,0, 2.43396772,-1.92070978,-0.9213331119027176
0,1, 2.42928523,-1.93194166,-0.9219489574605622
0,2, 2.43855027,-1.93375699,-0.9213963351933379
0,3, 2.43210297,-1.98065128,-0.9244958512764895
0,4, 2.42811941,-1.94339329,-0.9224634319702798
0,5, 2.45712845,-1.98838698,-0.923763647237522
0,6, 2.43214254,-1.93831607,-0.9219749108760428
0,7, 2.43701869,-1.96870922,-0.9232823339884649
0,8, 2.43815193,-1.97088345,-0.923363356681203
0,9, 2.45678656,-1.97485145,-0.9226736035826126
1,0, 2.51072537,-1.90795129,-0.9190276614165152
1,1, 2.45995016,-1.90141447,-0.9197415282977021
1,2, 2.51741268,-1.95648293,-0.920685294512046
1,3, 2.50244259,-1.89728037,-0.9189452145185261
1,4, 2.48351864,-1.90930925,-0.9191176818877318
1,5, 2.52376623,-1.95665674,-0.9208259432997742
1,6, 2.4791329 ,-1.87537682,-0.9194594017156489
1,7, 2.52116312,-1.91961789,-0.9193549028273202
1,8, 2.49420226,-1.92514688,-0.919271522786274
1,9, 2.52341497,-1.97450098,-0.9219878615129594
2,0, 2.47839753,-1.89051877,-0.9192168133294532
2,1, 2.3597781,-1.8028804,-0.9334857325345846
2,2, 2.42639067,-1.83938882,-0.923484557542325
2,3, 2.43641841,-1.81104721,-0.924916141665416
2,4, 2.43949833,-1.82172091,-0.9238325675567501
2,5, 2.40600641,-1.84430043,-0.92490715159246
2,6, 2.41537062,-1.84013307,-0.9243116233937257
2,7, 2.39271019,-1.81274074,-0.9285011741299009
2,8, 2.41391526,-1.84268852,-0.9242861276150076
2,9, 2.43958964,-1.84115676,-0.9224945025179879
3,0, 2.47539988,-1.87776641,-0.9194882822371374
3,1, 2.47967348,-1.9612049 ,-0.9210181365234131
3,2, 2.48744881,-1.86794981,-0.9195309066570245
3,3, 2.53341164,-1.82165035,-0.922566036034674
3,4, 2.49684737,-1.92953095,-0.9193795411318967
3,5, 2.53923938,-1.90369823,-0.9197152361499532
3,6, 2.48000994,-1.92957166,-0.9195755759049715
3,7, 2.48375567,-1.81810305,-0.9224240277554198
3,8, 2.46580493,-1.91800548,-0.9196852833014786
3,9, 2.48682436,-1.92972444,-0.9194671030231271
4,0, 2.52579431,-1.87085044,-0.9196960548537859
4,1, 2.53572201,-1.84576512,-0.9210472754687373
4,2, 2.51509018,-1.85053736,-0.920275666572351
4,3, 2.56287719,-1.8743366 ,-0.9212446086137418
4,4, 2.51351386,-1.88021381,-0.9192255920496505
4,5, 2.52552448,-1.83618019,-0.9213007668258347
4,6, 2.523368  ,-1.86687265,-0.9197602755772682
4,7, 2.51951612,-1.87290817,-0.9194959563924584
4,8, 2.53180443,-1.86089971,-0.9202087102656863
4,9, 2.54992245,-1.90018297,-0.9201846753575135
0,0, 2.46038137,-1.89646293,-0.9197296067339932
0,1, 2.46044134,-1.89639022,-0.9197274922604443
0,2, 2.46050417,-1.89640044,-0.9197249719135628
0,3, 2.46042117,-1.89634427,-0.9197284573323505
0,4, 2.4604713 ,-1.89653201,-0.9197258056375035
0,5, 2.46038695,-1.89643254,-0.919729493420293
0,6, 2.46048146,-1.89646882,-0.9197256253053514
0,7, 2.46038845,-1.89633796,-0.9197297759096938
0,8, 2.46041296,-1.89634955,-0.9197287627913378
0,9, 2.46055365,-1.89628258,-0.9197234499320579
1,0, 2.5082421 ,-1.89671506,-0.9189778947280461
1,1, 2.50589214,-1.89330507,-0.9189783029253203
1,2, 2.50919674,-1.89467898,-0.9189949797963367
1,3, 2.50550079,-1.89556036,-0.9189635177562029
1,4, 2.50288891,-1.89487754,-0.918955825911291
1,5, 2.50925814,-1.89440319,-0.9189970519117057
1,6, 2.50826846,-1.89303253,-0.9189969897052772
1,7, 2.50814985,-1.89347208,-0.9189930501244312
1,8, 2.5061132 ,-1.89726659,-0.9189609546110967
1,9, 2.50925835,-1.89420954,-0.9189981564797916
2,0, 2.5035803 ,-1.89609135,-0.9189525812437424
2,1, 2.50367052,-1.89566792,-0.918954653007589
2,2, 2.50370975,-1.89589971,-0.918953820524258
2,3, 2.50393964,-1.89659483,-0.918952091170283
2,4, 2.50396278,-1.89623214,-0.9189534833948302
2,5, 2.50159781,-1.89583514,-0.9189484827349729
2,6, 2.5033221 ,-1.89569559,-0.918953315357966
2,7, 2.50421804,-1.89657113,-0.918953307723556
2,8, 2.50389186,-1.89601204,-0.9189540584059326
2,9, 2.50393015,-1.89656034,-0.9189521718877055
3,0, 2.50158905,-1.90328289,-0.9189451844458005
3,1, 2.50116054,-1.90232433,-0.9189419078949858
3,2, 2.50116524,-1.90244031,-0.918942189647537
3,3, 2.50147297,-1.90326327,-0.9189449424813237
3,4, 2.50102804,-1.90317332,-0.9189440966277428
3,5, 2.50107557,-1.9033683 ,-0.918944784342624
3,6, 2.50083008,-1.90293499,-0.9189431848015216
3,7, 2.50154176,-1.90276136,-0.9189435342732517
3,8, 2.5006789 ,-1.90265421,-0.9189422860702298
3,9, 2.50040875,-1.90259112,-0.9189419736968814
4,0, 2.51066684,-1.87470261,-0.9193154028001177
4,1, 2.5193678 ,-1.87807785,-0.9193663793071188
4,2, 2.52290002,-1.87547093,-0.9195015762599887
4,3, 2.52241443,-1.87457313,-0.9195129995662411
4,4, 2.51837805,-1.87770344,-0.9193559778365807
4,5, 2.52226151,-1.87485567,-0.9195024393187876
4,6, 2.52171792,-1.88466256,-0.9192919858179
4,7, 2.52083946,-1.87508069,-0.9194661608565451
4,8, 2.52208719,-1.87524657,-0.9194888212706483
4,9, 2.52352087,-1.87701524,-0.9194792985633096
0,0, 2.46074132,-1.89632822,-0.9197158962375612
0,1, 2.46074308,-1.89632265,-0.9197158474475722
0,2, 2.46074416,-1.89632292,-0.9197158041368436
0,3, 2.46074242,-1.89631443,-0.9197159037483336
0,4, 2.46074439,-1.89632043,-0.9197158044250259
0,5, 2.46074032,-1.89631282,-0.9197159921817374
0,6, 2.46074404,-1.89632215,-0.9197158118104566
0,7, 2.46074133,-1.89631558,-0.9197159424358965
0,8, 2.46074188,-1.89631588,-0.9197159195347613
0,9, 2.46074495,-1.89631282,-0.9197158105222315
1,0, 2.50842758,-1.89588329,-0.9189825189313088
1,1, 2.50659889,-1.89337095,-0.918982278073507
1,2, 2.5091146 ,-1.89431424,-0.9189962351141899
1,3, 2.50637877,-1.89506857,-0.9189710370735926
1,4, 2.50452411,-1.89455018,-0.9189636172928938
1,5, 2.50910163,-1.89404084,-0.9189977088957273
1,6, 2.50845496,-1.89320298,-0.9189973761407758
1,7, 2.50830263,-1.8935153 ,-0.9189940256483983
1,8, 2.50687269,-1.89629605,-0.9189690097828611
1,9, 2.50898041,-1.89376075,-0.9189983211416621
2,0, 2.50359539,-1.89598049,-0.918953074831498
2,1, 2.50384828,-1.89607227,-0.91895365134828
2,2, 2.50385268,-1.89606961,-0.9189536787408029
2,3, 2.50398272,-1.89648876,-0.9189526286340852
2,4, 2.50398759,-1.89624381,-0.9189535381461608
2,5, 2.50248225,-1.89593612,-0.9189498715570509
2,6, 2.50369879,-1.89596781,-0.9189535030249166
2,7, 2.50394043,-1.89619161,-0.9189535486212186
2,8, 2.50385132,-1.89607448,-0.9189536543947623
2,9, 2.50394089,-1.89635691,-0.9189529345658539
3,0, 2.50159619,-1.90330328,-0.9189452629498938
3,1, 2.50112534,-1.90195778,-0.9189410828479423
3,2, 2.5009417 ,-1.90181252,-0.9189406192209233
3,3, 2.50145434,-1.90326884,-0.918944933401058
3,4, 2.50092644,-1.90303073,-0.9189435550057068
3,5, 2.50112573,-1.90338197,-0.9189448857192848
3,6, 2.50060572,-1.90272454,-0.9189424282026762
3,7, 2.5015544,-1.9021909,-0.9189421413087256
3,8, 2.50041881,-1.90236748,-0.9189414233882784
3,9, 2.50011893,-1.90231031,-0.9189412090496908
4,0, 2.5123014 ,-1.87467633,-0.91933483962874
4,1, 2.51985677,-1.87755132,-0.9193876503679326
4,2, 2.52287701,-1.87538164,-0.9195032436451975
4,3, 2.5223736 ,-1.87453374,-0.9195130875864539
4,4, 2.51893574,-1.87731284,-0.9193751680473754
4,5, 2.52231528,-1.87488953,-0.9195027869316922
4,6, 2.52185114,-1.88328488,-0.9193169670812177
4,7, 2.52108401,-1.87500843,-0.9194730900953111
4,8, 2.52217131,-1.87517188,-0.9194925344098515
4,9, 2.52341232,-1.87669325,-0.9194842036584231
0,0, 2.46074512,-1.89632343,-0.9197157646281844
0,1, 2.46074511,-1.89632345,-0.9197157648435463
0,2, 2.46074511,-1.89632345,-0.9197157650157103
0,3, 2.46074511,-1.89632347,-0.9197157646693808
0,4, 2.46074511,-1.89632345,-0.9197157650231131
0,5, 2.46074512,-1.89632347,-0.9197157643488296
0,6, 2.46074511,-1.89632345,-0.9197157649883433
0,7, 2.46074512,-1.89632346,-0.9197157645147623
0,8, 2.46074512,-1.89632346,-0.9197157646032491
0,9, 2.4607451 ,-1.89632347,-0.9197157650464999
1,0, 2.50834378,-1.89625818,-0.9189803431469927
1,1, 2.50620358,-1.89332585,-0.9189800475202029
1,2, 2.50914806,-1.89442664,-0.9189959078696481
1,3, 2.5059453 ,-1.89530726,-0.9189672173955769
1,4, 2.50377408,-1.89470206,-0.9189596891205069
1,5, 2.50913298,-1.89410772,-0.9189975983517674
1,6, 2.50837591,-1.89312982,-0.9189972107661264
1,7, 2.50819766,-1.89349418,-0.9189932968789106
1,8, 2.50652349,-1.89673989,-0.9189651253400913
1,9, 2.5089915 ,-1.89378184,-0.9189982895042105
2,0, 2.50343777,-1.8959241 ,-0.918952748833677
2,1, 2.5038412 ,-1.89607268,-0.9189536225276865
2,2, 2.50384593,-1.8960662 ,-0.9189536662128083
2,3, 2.50405125,-1.89674366,-0.9189520413956376
2,4, 2.50405914,-1.8963471 ,-0.9189534433320559
2,5, 2.50166783,-1.89584998,-0.9189485353715957
2,6, 2.50359827,-1.8958984 ,-0.9189534185373303
2,7, 2.50398803,-1.89626902,-0.9189534455077368
2,8, 2.50384418,-1.89607406,-0.9189536285845278
2,9, 2.50398541,-1.89653251,-0.9189524866986435
3,0, 2.50158938,-1.9033109 ,-0.9189452773121456
3,1, 2.50116746,-1.90211805,-0.9189414577385575
3,2, 2.50100275,-1.90198862,-0.9189410132638428
3,3, 2.50146175,-1.90328041,-0.9189449821215333
3,4, 2.50098938,-1.90306952,-0.9189437336095453
3,5, 2.50116671,-1.90338113,-0.9189449298289856
3,6, 2.50070181,-1.90279787,-0.9189426934978492
3,7, 2.50155141,-1.90232445,-0.91894243817872
3,8, 2.50053438,-1.90248098,-0.9189417536267457
3,9, 2.50026608,-1.90243041,-0.9189415220613911
4,0, 2.50998221,-1.87468599,-0.9193087550494519
4,1, 2.51922455,-1.87821206,-0.9193606820310808
4,2, 2.5229191 ,-1.87555083,-0.9195000567638534
4,3, 2.52230356,-1.87451131,-0.9195120943946898
4,4, 2.51809801,-1.87791939,-0.9193460789418636
4,5, 2.52223205,-1.87494721,-0.9194994865777921
4,6, 2.52166426,-1.88524346,-0.9192820809530273
4,7, 2.52072586,-1.87509331,-0.9194634854451954
4,8, 2.52205591,-1.87529364,-0.9194869668151834
4,9, 2.52357402,-1.87715976,-0.9194772386959227
0,0, 2.46074512,-1.89632348,-0.9197157642334164
0,1, 2.46074512,-1.89632348,-0.9197157642321203
0,2, 2.46074512,-1.89632348,-0.9197157642311674
0,3, 2.46074512,-1.89632348,-0.919715764232938
0,4, 2.46074512,-1.89632348,-0.9197157642310837
0,5, 2.46074512,-1.89632348,-0.9197157642346849
0,6, 2.46074512,-1.89632348,-0.9197157642313065
0,7, 2.46074512,-1.89632348,-0.919715764233817
0,8, 2.46074512,-1.89632348,-0.9197157642333307
0,9, 2.46074512,-1.89632348,-0.9197157642308121
1,0, 2.50824775,-1.89672058,-0.9189779232339677
1,1, 2.5057498 ,-1.89327006,-0.9189777093859295
1,2, 2.50918643,-1.89456541,-0.9189954958425804
1,3, 2.50544835,-1.89560164,-0.9189630482412483
1,4, 2.50291402,-1.8948895 ,-0.9189558375452174
1,5, 2.50916883,-1.89419013,-0.9189974442658544
1,6, 2.50828525,-1.89303937,-0.9189970810131131
1,7, 2.50807721,-1.89346814,-0.9189924865166493
1,8, 2.50612321,-1.89728739,-0.9189609591658787
1,9, 2.50900371,-1.89380663,-0.9189982454767426
2,0, 2.50355627,-1.89596691,-0.9189529896630186
2,1, 2.50384774,-1.89607332,-0.9189536451965558
2,2, 2.50385117,-1.89606868,-0.9189536766044661
2,3, 2.50399951,-1.89655386,-0.9189524691624558
2,4, 2.50400521,-1.89626986,-0.9189535110346111
2,5, 2.50227753,-1.89591383,-0.91894947517917
2,6, 2.50367223,-1.89594851,-0.9189534831450229
2,7, 2.50395383,-1.89621393,-0.9189535167680566
2,8, 2.5038499,-1.8960743,-0.9189536496119295
2,9, 2.50395194,-1.89640264,-0.9189528126174284
3,0, 2.50158539,-1.90331501,-0.9189452845841181
3,1, 2.50119028,-1.90219972,-0.9189416609681739
3,2, 2.50103605,-1.90207872,-0.9189412304303564
3,3, 2.50146588,-1.9032865 ,-0.9189450081478654
3,4, 2.50102352,-1.90308932,-0.9189438289397848
3,5, 2.50118958,-1.90338067,-0.9189449552120301
3,6, 2.50075423,-1.90283533,-0.9189428371794897
3,7, 2.50154984,-1.90239271,-0.9189425967273664
3,8, 2.50059744,-1.90253906,-0.9189419350737106
3,9, 2.50034619,-1.90249177,-0.9189416975968773
4,0, 2.5092816 ,-1.87468899,-0.9193019308171227
4,1, 2.51903374,-1.87841829,-0.919352559912783
4,2, 2.5229318 ,-1.87560369,-0.9194990570142189
4,3, 2.52228238,-1.87450424,-0.9195118021300429
4,4, 2.51784512,-1.87810876,-0.91933737057814
4,5, 2.52220693,-1.87496527,-0.919498475821152
4,6, 2.52160786,-1.88585461,-0.9192720290188213
4,7, 2.52061777,-1.87511979,-0.919460591674717
4,8, 2.52202108,-1.87533168,-0.9194852602206717
4,9, 2.52362279,-1.87730536,-0.919475074666357
0,0, 2.46074512,-1.89632348,-0.9197157642302952
0,1, 2.46074512,-1.89632348,-0.9197157642302931
0,2, 2.46074512,-1.89632348,-0.9197157642302903
0,3, 2.46074512,-1.89632348,-0.9197157642302975
0,4, 2.46074512,-1.89632348,-0.9197157642302907
0,5, 2.46074512,-1.89632348,-0.919715764230303
0,6, 2.46074512,-1.89632348,-0.919715764230291
0,7, 2.46074512,-1.89632348,-0.9197157642302998
0,8, 2.46074512,-1.89632348,-0.9197157642302983
0,9, 2.46074512,-1.89632348,-0.919715764230292
1,0, 2.50818555,-1.89699293,-0.9189765560706555
1,1, 2.50545598,-1.89323721,-0.9189762847431627
1,2, 2.50921129,-1.89464713,-0.918995283779342
1,3, 2.50512658,-1.89577501,-0.9189605993854271
1,4, 2.50235734,-1.89499988,-0.9189538123437717
1,5, 2.50919206,-1.89423865,-0.9189973767745743
1,6, 2.50822652,-1.89298613,-0.9189969682596574
1,7, 2.5079992 ,-1.89345281,-0.918991959667123
1,8, 2.505864  ,-1.89760989,-0.9189585827794154
1,9, 2.50901162,-1.89382124,-0.9189982263939139
2,0, 2.50356628,-1.89596982,-0.9189530135483266
2,1, 2.5038483 ,-1.89607336,-0.9189536471542676
2,2, 2.50385161,-1.89606884,-0.9189536776430625
2,3, 2.50399513,-1.89654092,-0.9189524963813557
2,4, 2.50400065,-1.89626459,-0.9189535124580654
2,5, 2.50232902,-1.89591818,-0.9189495759920562
2,6, 2.50367848,-1.89595192,-0.9189534922762225
2,7, 2.50395094,-1.89621017,-0.918953519576842
2,8, 2.50385038,-1.89607432,-0.9189536514064685
2,9, 2.50394911,-1.89639378,-0.9189528333470547
3,0, 2.50160922,-1.9032898 ,-0.9189452393968075
3,1, 2.50105371,-1.90169784,-0.9189405296788336
3,2, 2.50083686,-1.90152511,-0.918940046350697
3,3, 2.50144119,-1.90324911,-0.9189448500736321
3,4, 2.50081924,-1.90296766,-0.918943272277756
3,5, 2.50105273,-1.90338352,-0.918944811413074
3,6, 2.50044061,-1.90260512,-0.9189420235995295
3,7, 2.50155923,-1.90197332,-0.918941695797429
3,8, 2.50022017,-1.90218222,-0.9189409384781021
3,9, 2.49986689,-1.90211473,-0.9189407780983458
4,0, 2.51221776,-1.87467637,-0.9193338130981492
4,1, 2.51983354,-1.87755227,-0.919387168218531
4,2, 2.52287854,-1.87538172,-0.9195032768888793
4,3, 2.5223712 ,-1.87453391,-0.9195130293851287
4,4, 2.51890514,-1.87731355,-0.9193745727924975
4,5, 2.52231226,-1.87488941,-0.9195027224048651
4,6, 2.52184428,-1.88328796,-0.9193167655129132
4,7, 2.52107085,-1.87500857,-0.9194728094158601
4,8, 2.52216707,-1.87517196,-0.9194924386070008
4,9, 2.52341836,-1.87669398,-0.9194843282903717
0,0, 2.46074512,-1.89632348,-0.919715764230289
0,1, 2.46074512,-1.89632348,-0.919715764230289
0,2, 2.46074512,-1.89632348,-0.919715764230289
0,3, 2.46074512,-1.89632348,-0.919715764230289
0,4, 2.46074512,-1.89632348,-0.919715764230289
0,5, 2.46074512,-1.89632348,-0.919715764230289
0,6, 2.46074512,-1.89632348,-0.919715764230289
0,7, 2.46074512,-1.89632348,-0.919715764230289
0,8, 2.46074512,-1.89632348,-0.919715764230289
0,9, 2.46074512,-1.89632348,-0.919715764230289
1,0, 2.50832819,-1.89632829,-0.9189799532782746
1,1, 2.50612991,-1.89331739,-0.9189796497272709
1,2, 2.50915429,-1.89444768,-0.918995847855753
1,3, 2.50586463,-1.89535189,-0.9189665326449137
1,4, 2.50363452,-1.89473048,-0.9189590220167303
1,5, 2.50913881,-1.89412022,-0.918997578001432
1,6, 2.50836118,-1.89311611,-0.9189971818502266
1,7, 2.5081781 ,-1.89349023,-0.9189931624208327
1,8, 2.50645851,-1.89682291,-0.9189644363374827
1,9, 2.50899348,-1.89378559,-0.9189982839873001
2,0, 2.50344308,-1.89592614,-0.918952758739856
2,1, 2.50384149,-1.89607271,-0.9189536235403215
2,2, 2.50384617,-1.89606632,-0.9189536666450682
2,3, 2.50404893,-1.89673458,-0.9189520616307092
2,4, 2.50405672,-1.89634341,-0.9189534470452673
2,5, 2.50169512,-1.89585304,-0.9189485685817431
2,6, 2.50360158,-1.8959008 ,-0.9189534206071406
2,7, 2.5039865 ,-1.89626637,-0.9189534492671669
2,8, 2.50384443,-1.89607407,-0.9189536295174265
2,9, 2.50398392,-1.8965263 ,-0.9189525023063428
3,0, 2.50161094,-1.90328834,-0.9189452373736149
3,1, 2.50104384,-1.90166883,-0.9189404705026203
3,2, 2.50082247,-1.90149311,-0.9189399861294029
3,3, 2.50143941,-1.90324695,-0.9189448404816363
3,4, 2.50080449,-1.90296062,-0.9189432394475268
3,5, 2.50104285,-1.90338368,-0.9189448016133541
3,6, 2.50041797,-1.90259181,-0.9189419792916623
3,7, 2.50155991,-1.90194907,-0.9189416493114226
3,8, 2.50019292,-1.90216159,-0.9189408880485995
3,9, 2.49983229,-1.90209293,-0.9189407374483439
4,0, 2.51412238,-1.8746684 ,-0.9193590991452123
4,1, 2.52035259,-1.87700519,-0.9194100277820936
4,2, 2.52284396,-1.87524151,-0.9195059479944024
4,3, 2.52242885,-1.87455264,-0.91951384382168
4,4, 2.51959302,-1.87681122,-0.9193993363366656
4,5, 2.52238062,-1.8748415 ,-0.919505454468734
4,6, 2.52199772,-1.88166615,-0.9193485481109228
4,7, 2.52136491,-1.87493832,-0.9194808069920661
4,8, 2.52226183,-1.87507107,-0.9194970535203122
4,9, 2.52328566,-1.87630778,-0.9194903049030837
0,0, 2.46074512,-1.89632348,-0.919715764230289
0,1, 2.46074512,-1.89632348,-0.919715764230289
0,2, 2.46074512,-1.89632348,-0.919715764230289
0,3, 2.46074512,-1.89632348,-0.919715764230289
0,4, 2.46074512,-1.89632348,-0.919715764230289
0,5, 2.46074512,-1.89632348,-0.919715764230289
0,6, 2.46074512,-1.89632348,-0.919715764230289
0,7, 2.46074512,-1.89632348,-0.919715764230289
0,8, 2.46074512,-1.89632348,-0.919715764230289
0,9, 2.46074512,-1.89632348,-0.919715764230289
1,0, 2.50820228,-1.89692173,-0.9189769097777979
1,1, 2.50553498,-1.89324579,-0.9189766608630778
1,2, 2.5092046 ,-1.89462577,-0.9189953367557369
1,3, 2.50521309,-1.89572969,-0.9189612391142182
1,4, 2.50250696,-1.89497103,-0.9189543208995763
1,5, 2.50918581,-1.89422597,-0.9189973925057876
1,6, 2.50824232,-1.89300004,-0.9189970008115871
1,7, 2.50802018,-1.89345681,-0.9189921015036671
1,8, 2.5059337 ,-1.89752558,-0.9189591989648852
1,9, 2.50900949,-1.89381742,-0.9189982308101425
2,0, 2.50360338,-1.89598361,-0.9189530910873814
2,1, 2.50385035,-1.89607357,-0.9189536542361781
2,2, 2.50385325,-1.89606964,-0.918953680818191
2,3, 2.50397894,-1.89647982,-0.9189526449990238
2,4, 2.50398377,-1.89623972,-0.9189535382536094
2,5, 2.50251989,-1.89593873,-0.9189499550723973
2,6, 2.50370163,-1.89596805,-0.9189535125554439
2,7, 2.50394023,-1.89619244,-0.91895354469405
2,8, 2.50385217,-1.8960744 ,-0.9189536579894194
2,9, 2.50393863,-1.89635198,-0.9189529436519741
3,0, 2.50159239,-1.90330748,-0.9189452707674748
3,1, 2.50115018,-1.9020498 ,-0.9189412955134973
3,2, 2.50097757,-1.90191335,-0.9189408414767156
3,3, 2.50145863,-1.90327533,-0.9189449609059
3,4, 2.50096354,-1.90305298,-0.918943657750327
3,5, 2.5011494 ,-1.90338152,-0.9189449110994782
3,6, 2.50066215,-1.90276657,-0.9189425793709062
3,7, 2.5015526 ,-1.90226743,-0.91894230911153
3,8, 2.50048667,-1.90243247,-0.9189416100796682
3,9, 2.50020546,-1.90237915,-0.9189413844893779
4,0, 2.51314614,-1.87467313,-0.9193456689810464
4,1, 2.52008718,-1.87732953,-0.919397255560465
4,2, 2.52286163,-1.87532467,-0.9195042960641437
4,3, 2.52239939,-1.87454153,-0.9195134665069432
4,4, 2.51924118,-1.87710905,-0.9193856424351489
4,5, 2.52234569,-1.87486992,-0.9195039586038543
4,6, 2.52191931,-1.88262647,-0.9193296809329851
4,7, 2.52121461,-1.87497999,-0.9194765634306769
4,8, 2.52221341,-1.87513091,-0.9194944867757631
4,9, 2.52335344,-1.87653679,-0.9194864859306042
0,0, 2.46074512,-1.89632348,-0.919715764230289
0,1, 2.46074512,-1.89632348,-0.919715764230289
0,2, 2.46074512,-1.89632348,-0.919715764230289
0,3, 2.46074512,-1.89632348,-0.919715764230289
0,4, 2.46074512,-1.89632348,-0.919715764230289
0,5, 2.46074512,-1.89632348,-0.919715764230289
0,6, 2.46074512,-1.89632348,-0.919715764230289
0,7, 2.46074512,-1.89632348,-0.919715764230289
0,8, 2.46074512,-1.89632348,-0.919715764230289
0,9, 2.46074512,-1.89632348,-0.919715764230289
1,0, 2.50837542,-1.896105  ,-0.9189811925184093
1,1, 2.50635308,-1.89334433,-0.9189808629868409
1,2, 2.50913542,-1.89438068,-0.9189960495129258
1,3, 2.50610904,-1.89520974,-0.9189686666706838
1,4, 2.50405746,-1.89463997,-0.9189611296340245
1,5, 2.50912117,-1.89408043,-0.9189976517208127
1,6, 2.50840577,-1.89315978,-0.9189972560280664
1,7, 2.50823735,-1.89350281,-0.9189935669024165
1,8, 2.50665538,-1.89655852,-0.9189666021173902
1,9, 2.50898747,-1.89377362,-0.9189983044779009
2,0, 2.50350047,-1.89594669,-0.9189528744890287
2,1, 2.50384466,-1.89607301,-0.9189536345224065
2,2, 2.5038487 ,-1.89606751,-0.9189536717175674
2,3, 2.50402387,-1.89664347,-0.918952262127183
2,4, 2.5040306 ,-1.89630633,-0.9189534777000815
2,5, 2.50199041,-1.89588368,-0.9189489861110217
2,6, 2.5036374 ,-1.89592485,-0.9189534519661957
2,7, 2.50396993,-1.89623993,-0.9189534824471864
2,8, 2.50384721,-1.89607419,-0.9189536397046995
2,9, 2.5039677 ,-1.89646396,-0.9189526563445845
3,0, 2.50159445,-1.90330453,-0.9189452642934232
3,1, 2.50113838,-1.90199103,-0.9189411632554807
3,2, 2.50096035,-1.90184852,-0.9189407028409086
3,3, 2.5014565 ,-1.90327095,-0.9189449434691018
3,4, 2.50094588,-1.90303874,-0.9189435975085712
3,5, 2.50113757,-1.90338185,-0.9189448986988416
3,6, 2.50063503,-1.90273961,-0.9189424875786039
3,7, 2.50155341,-1.90221832,-0.9189422002246379
3,8, 2.50045404,-1.90239069,-0.9189414939702022
3,9, 2.500164,-1.902335,-0.9189412727656922
4,0, 2.51044771,-1.874684  ,-0.9193135603449826
4,1, 2.51935141,-1.87807593,-0.9193661040435078
4,2, 2.52291065,-1.87551594,-0.9195007166920444
4,3, 2.52231766,-1.87451597,-0.9195122899545686
4,4, 2.51826614,-1.87779439,-0.9193519035082798
4,5, 2.52224876,-1.87493528,-0.9195001569507663
4,6, 2.52170176,-1.88483994,-0.9192889302280425
4,7, 2.52079773,-1.87507583,-0.9194654131711495
4,8, 2.52207907,-1.87526854,-0.9194880984113195
4,9, 2.52354159,-1.87706367,-0.9194786741163978
